0.238239 0.788010 0.141506 -0.549780 0.502136 0.281541 0.363037
0.234656 0.793627 0.138375 -0.544008 0.482113 0.285801 0.385670
0.232848 0.799454 0.139116 -0.536006 0.462373 0.289542 0.403657
0.229459 0.814473 0.137182 -0.514940 0.433089 0.293862 0.418948
0.229117 0.822486 0.133450 -0.503203 0.411707 0.297842 0.425554
0.226696 0.829725 0.129623 -0.493318 0.391163 0.292879 0.446705
0.226590 0.831486 0.130848 -0.490068 0.370630 0.291686 0.453980
0.224611 0.834270 0.131343 -0.486099 0.348676 0.285353 0.472128
0.228726 0.832846 0.132597 -0.486281 0.322811 0.279355 0.486945
0.231434 0.835824 0.133473 -0.479606 0.292259 0.272305 0.497110
0.230374 0.842950 0.128467 -0.468892 0.256561 0.271429 0.509357
0.229214 0.850034 0.118814 -0.459114 0.217157 0.276528 0.516322
0.228993 0.857521 0.103333 -0.448935 0.161198 0.277485 0.535889
0.237491 0.861352 0.103134 -0.437076 0.122736 0.277319 0.544369
0.242295 0.864614 0.099179 -0.428835 0.083010 0.283386 0.550487
0.240853 0.869512 0.097502 -0.420038 0.046789 0.282959 0.565230
0.241084 0.873270 0.101515 -0.411062 0.016161 0.282631 0.573562
0.239994 0.880112 0.102241 -0.396675 -0.018432 0.290472 0.580297
0.229796 0.893885 0.092690 -0.373593 -0.064953 0.295642 0.602956
0.226010 0.901728 0.087229 -0.358048 -0.092338 0.294540 0.619418
0.225941 0.909892 0.083019 -0.337868 -0.127811 0.299319 0.643205
0.225637 0.917142 0.075825 -0.319670 -0.163395 0.299903 0.672211
0.227384 0.923551 0.066636 -0.301514 -0.197547 0.301627 0.706589
0.228431 0.928381 0.058613 -0.287217 -0.234165 0.311972 0.739820
0.221764 0.934882 0.050208 -0.272571 -0.275106 0.319689 0.775602
0.220184 0.941552 0.051299 -0.249734 -0.331841 0.321711 0.816378
0.221400 0.945262 0.051371 -0.234142 -0.374648 0.321585 0.834046
0.220243 0.948685 0.051156 -0.221071 -0.410232 0.320685 0.846306
0.218507 0.952639 0.053158 -0.204712 -0.449848 0.318873 0.853327
0.215166 0.956179 0.055292 -0.190705 -0.490007 0.320865 0.856168
0.207340 0.959418 0.055735 -0.182814 -0.521417 0.324027 0.854772
0.198000 0.963277 0.053639 -0.173254 -0.562684 0.322629 0.853642
0.193152 0.966388 0.048184 -0.162678 -0.601211 0.322313 0.847746
0.193393 0.968435 0.039932 -0.152112 -0.641550 0.323160 0.838289
0.200690 0.968890 0.033058 -0.141003 -0.684404 0.324069 0.825288
0.203656 0.970677 0.024700 -0.125298 -0.717118 0.330203 0.812004
0.199806 0.973410 0.026742 -0.108793 -0.738186 0.334569 0.796565
0.195141 0.977101 0.025150 -0.080996 -0.781288 0.337410 0.782266
0.199792 0.977284 0.021220 -0.067444 -0.806542 0.332033 0.774461
0.213042 0.975131 0.019641 -0.057851 -0.833549 0.324565 0.764075
0.226241 0.972924 0.023305 -0.041111 -0.871041 0.321139 0.749895
0.232227 0.971979 0.024270 -0.027194 -0.903687 0.315649 0.737448
0.230894 0.972683 0.017972 -0.015906 -0.939226 0.318927 0.721490
0.220531 0.975303 0.011981 -0.002426 -0.977970 0.320638 0.709913
0.215846 0.976273 0.011147 0.013280 -1.027188 0.323068 0.696189
0.211769 0.977050 0.013848 0.018299 -1.068297 0.326369 0.685636
0.213331 0.976502 0.016170 0.025935 -1.109578 0.325522 0.672478
0.218283 0.975107 0.020686 0.033040 -1.149633 0.320544 0.654309
0.224819 0.973603 0.021262 0.033190 -1.190471 0.315599 0.633418
0.225569 0.973528 0.020701 0.030566 -1.223048 0.311315 0.616231
0.228055 0.973003 0.022378 0.027471 -1.252012 0.305395 0.599897
0.224714 0.973560 0.018333 0.036724 -1.300649 0.302257 0.564500
0.215259 0.975331 0.012137 0.047395 -1.341677 0.295755 0.545524
0.215382 0.975145 0.001215 0.051981 -1.379646 0.292349 0.525204
0.224039 0.972806 -0.003601 0.058667 -1.407495 0.287645 0.505584
0.228620 0.970573 -0.005951 0.075396 -1.425322 0.296366 0.484484
0.230775 0.968108 -0.003913 0.097440 -1.449897 0.299746 0.469248
0.222694 0.967648 -0.007062 0.118383 -1.481512 0.305627 0.452246
0.214255 0.966577 -0.015009 0.139996 -1.511062 0.308158 0.440696
0.212321 0.963470 -0.022183 0.161720 -1.546814 0.303371 0.438109
0.215107 0.958246 -0.028448 0.186235 -1.579888 0.301308 0.429007
0.216334 0.951481 -0.036802 0.215704 -1.621111 0.300636 0.420649
0.216427 0.943152 -0.043597 0.248442 -1.662253 0.290728 0.428824
0.222595 0.929662 -0.051795 0.288957 -1.699970 0.288504 0.432892
0.238392 0.912665 -0.065079 0.325539 -1.735675 0.286529 0.436923
0.248200 0.897649 -0.071790 0.357029 -1.761410 0.303237 0.430333
0.245571 0.888987 -0.075279 0.379117 -1.785995 0.298556 0.451465
0.248991 0.874334 -0.091829 0.406338 -1.814777 0.304127 0.458899
0.242787 0.872286 -0.102194 0.411980 -1.830363 0.305649 0.470469
0.243166 0.870145 -0.104234 0.415757 -1.846605 0.303214 0.483578
0.245379 0.869588 -0.102979 0.415934 -1.864272 0.296096 0.497415
0.254989 0.868223 -0.106866 0.412007 -1.880226 0.294404 0.497681
0.258366 0.870094 -0.107714 0.405686 -1.890772 0.298714 0.502244
0.253742 0.873831 -0.107884 0.400495 -1.902119 0.300600 0.514249
0.251960 0.876050 -0.110752 0.395963 -1.922717 0.287160 0.537123
0.260253 0.877367 -0.114192 0.386595 -1.934836 0.295666 0.545015
0.260263 0.881470 -0.112687 0.377590 -1.955255 0.293717 0.548226
0.263300 0.885243 -0.111376 0.366896 -1.970546 0.295287 0.542436
0.262784 0.890507 -0.108182 0.355301 -1.986834 0.299003 0.535295
0.260644 0.894423 -0.101643 0.348914 -2.007872 0.297246 0.523359
0.260536 0.898014 -0.095356 0.341466 -2.021204 0.297513 0.513836
0.261487 0.900625 -0.091848 0.334758 -2.036574 0.302489 0.494666
0.260857 0.904104 -0.087496 0.326947 -2.055640 0.302994 0.474829
0.259826 0.907694 -0.082102 0.319127 -2.077539 0.297958 0.454566
0.261701 0.909990 -0.078756 0.311815 -2.091777 0.297912 0.432602
0.260894 0.912935 -0.074231 0.304917 -2.107890 0.301729 0.401592
0.255373 0.916230 -0.072026 0.300199 -2.126968 0.304913 0.372424
0.247218 0.919062 -0.073460 0.298013 -2.143367 0.309190 0.342394
0.244778 0.921536 -0.078872 0.290919 -2.156742 0.310646 0.305846
0.241671 0.921077 -0.080352 0.294543 -2.162726 0.312708 0.276310
0.237735 0.920832 -0.082522 0.297892 -2.164298 0.318069 0.248836
0.232675 0.921394 -0.082023 0.300278 -2.159684 0.322090 0.222528
0.229271 0.920936 -0.082022 0.304277 -2.155105 0.323716 0.195384
0.225695 0.921161 -0.080407 0.306691 -2.147920 0.323418 0.169732
0.222619 0.921565 -0.079019 0.308084 -2.137123 0.327600 0.139798
0.216230 0.924401 -0.075011 0.305123 -2.126699 0.321904 0.115862
0.216349 0.926227 -0.074585 0.299555 -2.116168 0.326362 0.081897
0.213622 0.930169 -0.071230 0.289961 -2.106577 0.327517 0.052409
0.213456 0.932811 -0.069850 0.281819 -2.095244 0.332728 0.017535
0.205773 0.939083 -0.062690 0.268048 -2.091189 0.342807 -0.035131
0.204363 0.944648 -0.056865 0.250283 -2.095164 0.346238 -0.067234
0.202392 0.950143 -0.050283 0.231813 -2.106126 0.347708 -0.097183
0.203275 0.954296 -0.048104 0.213739 -2.117474 0.348658 -0.124842
0.204368 0.958039 -0.045557 0.195755 -2.131231 0.347831 -0.153168
0.204559 0.960704 -0.042497 0.182747 -2.141846 0.346421 -0.183050
0.203599 0.962451 -0.039952 0.175044 -2.154792 0.336375 -0.213565
0.204945 0.962569 -0.039712 0.172865 -2.168552 0.332280 -0.251701
0.202690 0.962054 -0.038348 0.178601 -2.181590 0.328818 -0.286519
0.209519 0.960103 -0.039877 0.180870 -2.194147 0.328806 -0.318457
0.213536 0.957935 -0.041569 0.187178 -2.198721 0.335573 -0.359849
0.212545 0.956381 -0.042638 0.195810 -2.209859 0.335499 -0.393448
0.213603 0.955275 -0.047785 0.198846 -2.212388 0.337632 -0.422789
0.215062 0.953312 -0.046918 0.206744 -2.210861 0.336257 -0.446881
0.217122 0.950014 -0.053445 0.217888 -2.206636 0.340760 -0.482858
0.211882 0.947974 -0.057816 0.230452 -2.196869 0.338589 -0.529241
0.208501 0.945134 -0.059311 0.244402 -2.188013 0.341798 -0.563255
0.203535 0.941977 -0.059677 0.260175 -2.176021 0.340435 -0.602492
0.196311 0.939669 -0.061966 0.273210 -2.161894 0.341713 -0.640714
0.193686 0.938136 -0.061668 0.280327 -2.157256 0.338970 -0.679090
0.199015 0.934369 -0.064867 0.288340 -2.149378 0.336949 -0.720701
0.206862 0.929787 -0.072661 0.295678 -2.140701 0.338888 -0.763042
0.206155 0.929414 -0.072662 0.297337 -2.140352 0.334359 -0.797411
0.213823 0.926966 -0.071993 0.299718 -2.144366 0.330695 -0.835153
0.217368 0.924602 -0.073167 0.304152 -2.148527 0.329966 -0.876453
0.211051 0.922573 -0.077220 0.313613 -2.163830 0.330707 -0.934787
0.201384 0.922568 -0.079901 0.319264 -2.177214 0.334165 -0.964862
0.189075 0.921382 -0.080933 0.329781 -2.200573 0.335293 -1.013012
0.182415 0.918146 -0.080467 0.342428 -2.228110 0.335090 -1.058619
0.184629 0.912576 -0.079933 0.355989 -2.254399 0.336795 -1.105231
0.186937 0.905418 -0.085964 0.371327 -2.270604 0.351758 -1.153997
0.178478 0.900705 -0.087573 0.386273 -2.287072 0.361683 -1.194107
0.173677 0.895292 -0.086875 0.400926 -2.304556 0.364009 -1.238923
0.174058 0.886447 -0.086991 0.419939 -2.308861 0.369492 -1.290451
0.168262 0.878191 -0.084440 0.439702 -2.316660 0.363829 -1.340697
0.166498 0.871160 -0.084513 0.454110 -2.318110 0.360876 -1.392738
0.159273 0.865555 -0.087560 0.466669 -2.312133 0.355229 -1.463838
0.152783 0.861517 -0.090800 0.475605 -2.303956 0.354741 -1.513665
0.159417 0.851231 -0.095920 0.490706 -2.300379 0.351152 -1.578603
0.161603 0.845277 -0.104052 0.498563 -2.289213 0.365470 -1.636038
0.165331 0.844855 -0.098235 0.499234 -2.288901 0.367082 -1.684606
0.167578 0.839812 -0.092120 0.508082 -2.281830 0.379290 -1.736867
0.164017 0.836213 -0.087152 0.515995 -2.269753 0.386946 -1.773774
0.159168 0.826999 -0.087224 0.532099 -2.260890 0.387553 -1.846750
0.161439 0.818395 -0.090793 0.543989 -2.253307 0.381489 -1.899886
0.160815 0.810844 -0.095752 0.554529 -2.253371 0.378583 -1.949816
0.162399 0.802688 -0.100742 0.564951 -2.257009 0.377072 -2.001863
0.157125 0.795938 -0.103142 0.575462 -2.246113 0.378405 -2.043514
0.160815 0.785701 -0.105231 0.587996 -2.236250 0.372592 -2.092944
0.166501 0.774759 -0.109952 0.599946 -2.213354 0.380197 -2.130885
0.165352 0.766669 -0.111479 0.610286 -2.199881 0.381240 -2.174370