0.163148 0.761967 -0.112876 0.616481 -2.185255 0.375579 -2.212975
0.164592 0.757761 -0.116522 0.620589 -2.161523 0.370923 -2.250359
0.168120 0.751261 -0.117012 0.627415 -2.131424 0.357196 -2.303161
0.166580 0.747777 -0.118297 0.631733 -2.101862 0.350935 -2.330883
0.164188 0.741806 -0.124663 0.638142 -2.070090 0.343343 -2.366887
0.163261 0.737165 -0.138024 0.641002 -2.028785 0.361434 -2.398782
0.157562 0.735378 -0.138183 0.644438 -2.000710 0.359844 -2.426820
0.161074 0.730545 -0.137192 0.649259 -1.977821 0.355101 -2.457242
0.164051 0.718777 -0.141260 0.660676 -1.946005 0.359359 -2.483953
0.160549 0.704576 -0.146664 0.675489 -1.916905 0.359855 -2.508774
0.156931 0.690015 -0.152484 0.689928 -1.891435 0.362376 -2.532311
0.170573 0.658059 -0.157154 0.716356 -1.854045 0.347496 -2.579627
0.176957 0.641162 -0.159600 0.729469 -1.835974 0.343877 -2.612057
0.185027 0.622964 -0.161458 0.742706 -1.822113 0.328881 -2.651994
0.187388 0.610446 -0.173109 0.749850 -1.802652 0.324586 -2.688722
0.185110 0.603188 -0.182663 0.754011 -1.790081 0.319943 -2.715487
0.178964 0.597621 -0.188026 0.758596 -1.767029 0.320916 -2.740302
0.175331 0.590501 -0.192291 0.763932 -1.747198 0.316258 -2.761548
0.176128 0.582733 -0.196056 0.768741 -1.725350 0.310604 -2.780170
0.180032 0.572686 -0.201603 0.773935 -1.699609 0.306578 -2.796102
0.179978 0.562168 -0.207972 0.779951 -1.667280 0.304926 -2.817528
0.179044 0.556968 -0.208234 0.783816 -1.640239 0.298289 -2.832768
0.178500 0.548409 -0.212951 0.788693 -1.589540 0.288275 -2.861499
0.175071 0.542895 -0.217622 0.791995 -1.552197 0.281008 -2.876832
0.171084 0.534623 -0.221378 0.797434 -1.515978 0.272303 -2.892289
0.173727 0.518837 -0.230458 0.804684 -1.474496 0.270683 -2.906341
0.172442 0.505512 -0.238203 0.811160 -1.431362 0.268207 -2.927423
0.166847 0.503996 -0.241553 0.812282 -1.393576 0.269986 -2.949213
0.169308 0.500968 -0.240942 0.813826 -1.360481 0.270898 -2.974125
0.177957 0.493701 -0.238803 0.817046 -1.325383 0.268812 -2.997138
0.181716 0.488916 -0.237815 0.819380 -1.293630 0.273478 -3.019322
0.185504 0.482261 -0.234130 0.823526 -1.265661 0.269367 -3.048684
0.187345 0.466945 -0.229040 0.833310 -1.233070 0.266118 -3.079286
0.182256 0.447650 -0.226685 0.845580 -1.199762 0.263212 -3.113074
0.176306 0.427875 -0.231537 0.855704 -1.157274 0.261456 -3.152186
0.163026 0.411409 -0.241307 0.863676 -1.119099 0.267903 -3.202403
0.152025 0.404367 -0.250154 0.866487 -1.090673 0.269862 -3.249545
0.145760 0.374248 -0.255799 0.879352 -1.039479 0.282706 -3.301729
0.146745 0.345967 -0.253207 0.891437 -1.005239 0.289566 -3.325705
0.147613 0.317655 -0.250055 0.902651 -0.966803 0.289782 -3.342671
0.142422 0.290897 -0.247914 0.913035 -0.934069 0.294379 -3.352221
0.138992 0.259987 -0.244282 0.923804 -0.888839 0.293916 -3.364391
0.132457 0.237794 -0.240357 0.931739 -0.842877 0.291073 -3.380767
0.118085 0.225567 -0.241509 0.936402 -0.795440 0.294436 -3.398055
0.102351 0.220249 -0.245995 0.938350 -0.740117 0.298340 -3.417636
0.088763 0.225053 -0.243030 0.939366 -0.698637 0.301673 -3.440174
0.082008 0.230287 -0.248247 0.937345 -0.665465 0.302728 -3.464807
0.071704 0.219652 -0.252001 0.939738 -0.625568 0.315253 -3.472887
0.067924 0.211548 -0.247133 0.943164 -0.594671 0.320680 -3.486689
0.066943 0.196376 -0.243331 0.947494 -0.560254 0.330056 -3.492801
0.063241 0.172721 -0.241982 0.952687 -0.521002 0.336125 -3.503368
0.055160 0.150737 -0.241698 0.956984 -0.476572 0.342805 -3.504637
0.047103 0.130720 -0.240877 0.960558 -0.441388 0.342471 -3.510561
0.036685 0.111282 -0.240158 0.963636 -0.399533 0.341072 -3.516913
0.026728 0.089762 -0.245474 0.964868 -0.369351 0.349699 -3.519187
0.010338 0.065868 -0.245355 0.967138 -0.350120 0.367210 -3.513752
0.000079 0.043670 -0.243339 0.968958 -0.326600 0.371130 -3.508900
-0.002628 0.026394 -0.242543 0.969778 -0.290557 0.373212 -3.501987
-0.005828 0.004215 -0.240143 0.970711 -0.242286 0.373736 -3.480604
-0.007014 -0.009414 -0.239608 0.970799 -0.214048 0.367523 -3.466640
-0.010660 -0.018918 -0.238144 0.970987 -0.187069 0.361969 -3.444034
-0.014126 -0.021466 -0.237517 0.971043 -0.162186 0.364694 -3.415200
-0.018901 -0.025059 -0.230335 0.972605 -0.138713 0.357329 -3.390285
-0.022923 -0.031285 -0.231308 0.972107 -0.106668 0.342734 -3.362819
-0.030404 -0.041676 -0.241770 0.968961 -0.096103 0.343438 -3.321606
-0.044918 -0.062074 -0.242179 0.967201 -0.053323 0.341558 -3.257842
-0.040340 -0.063913 -0.246815 0.966111 -0.039899 0.330458 -3.233261
-0.039257 -0.079568 -0.256315 0.962513 -0.024176 0.339403 -3.184961
-0.038829 -0.094588 -0.249509 0.962959 -0.007760 0.339359 -3.146669
-0.036305 -0.109331 -0.244689 0.962734 0.017359 0.339980 -3.106091
-0.032573 -0.119240 -0.237897 0.963393 0.047245 0.325164 -3.071628
-0.028891 -0.129788 -0.235747 0.962675 0.071875 0.318734 -3.031858
-0.029714 -0.140480 -0.236620 0.960934 0.111066 0.315563 -2.984860
-0.028759 -0.148656 -0.233310 0.960542 0.144507 0.312932 -2.940340
-0.034941 -0.156208 -0.237257 0.958169 0.190001 0.311912 -2.891386
-0.042737 -0.155930 -0.235161 0.958415 0.202698 0.318318 -2.845739
-0.047168 -0.176211 -0.239291 0.953658 0.233589 0.322025 -2.781256
-0.050043 -0.189017 -0.237405 0.951529 0.245812 0.325057 -2.737941
-0.056717 -0.201833 -0.231383 0.950005 0.261125 0.333517 -2.687570
-0.060523 -0.212706 -0.224431 0.949065 0.276500 0.330942 -2.645560
-0.062862 -0.217424 -0.217637 0.949426 0.287101 0.328419 -2.603082
-0.063304 -0.222814 -0.216441 0.948420 0.303657 0.325177 -2.555287
-0.065745 -0.228264 -0.214841 0.947321 0.314787 0.323156 -2.507544
-0.072571 -0.238709 -0.221345 0.942740 0.325776 0.320848 -2.456707
-0.078848 -0.245826 -0.220124 0.940690 0.337569 0.333130 -2.400557
-0.074962 -0.245037 -0.218036 0.941699 0.353956 0.330654 -2.364781
-0.067629 -0.249636 -0.218310 0.940983 0.371060 0.332689 -2.324869
-0.065233 -0.257368 -0.218177 0.939098 0.393187 0.338971 -2.277490
-0.059733 -0.261712 -0.213247 0.939396 0.417875 0.332163 -2.241793
-0.057284 -0.269727 -0.213836 0.937145 0.438666 0.330184 -2.202649
-0.056493 -0.281302 -0.211200 0.934383 0.465096 0.321711 -2.164206
-0.059091 -0.290363 -0.212699 0.931105 0.495411 0.325649 -2.124734
-0.060429 -0.299124 -0.216978 0.927251 0.524791 0.325508 -2.084141
-0.070179 -0.306273 -0.204423 0.927083 0.559812 0.347310 -2.023243
-0.067396 -0.311109 -0.198024 0.927068 0.584437 0.344994 -1.991356
-0.062671 -0.317342 -0.200375 0.924779 0.601229 0.334997 -1.956316
-0.062899 -0.323446 -0.201203 0.922466 0.612223 0.332490 -1.916595
-0.064617 -0.328290 -0.197765 0.921379 0.616086 0.338292 -1.874183
-0.064193 -0.333172 -0.189134 0.921469 0.623232 0.332664 -1.829843
-0.065003 -0.337275 -0.182773 0.921203 0.629408 0.326581 -1.781136
-0.069304 -0.340245 -0.178814 0.920573 0.623793 0.321960 -1.732065
-0.077047 -0.347361 -0.174187 0.918185 0.619068 0.322771 -1.675028
-0.082083 -0.343690 -0.170156 0.919884 0.616970 0.316983 -1.628559
-0.083820 -0.350000 -0.182490 0.914971 0.615496 0.312012 -1.541247
-0.085163 -0.351111 -0.191990 0.912474 0.611210 0.320408 -1.481900
-0.081079 -0.346244 -0.189776 0.915165 0.599655 0.328681 -1.449620
-0.076264 -0.346360 -0.184467 0.916619 0.597955 0.329000 -1.404270
-0.076462 -0.346673 -0.180508 0.917272 0.594886 0.330315 -1.357078
-0.077569 -0.347173 -0.177451 0.917587 0.593600 0.330048 -1.297455
-0.077365 -0.346363 -0.172242 0.918901 0.590837 0.327143 -1.245170
-0.076803 -0.350826 -0.165575 0.918481 0.594963 0.321077 -1.170556
-0.081133 -0.353495 -0.163319 0.917489 0.590636 0.331346 -1.105284
-0.084895 -0.351505 -0.159916 0.918512 0.585726 0.350610 -1.014296
-0.086337 -0.348587 -0.156708 0.920041 0.582335 0.355667 -0.954384
-0.084915 -0.344831 -0.155990 0.921709 0.575747 0.365444 -0.907099
-0.076192 -0.339766 -0.150767 0.925215 0.564511 0.355686 -0.857042
-0.071044 -0.339832 -0.150141 0.925702 0.566230 0.356112 -0.798493
-0.068718 -0.333761 -0.148914 0.928281 0.550623 0.355615 -0.749065
-0.066179 -0.324246 -0.145748 0.932332 0.530504 0.360061 -0.702520
-0.062977 -0.315589 -0.143135 0.935922 0.504177 0.359440 -0.658251
-0.065371 -0.308800 -0.136235 0.939047 0.483863 0.331493 -0.627201
-0.064677 -0.297393 -0.135002 0.942947 0.431814 0.354085 -0.527987
-0.059307 -0.282961 -0.137851 0.947319 0.412474 0.347130 -0.499325
-0.055850 -0.277271 -0.143296 0.948403 0.397721 0.344997 -0.456315
-0.050244 -0.273161 -0.144076 0.949790 0.385868 0.345008 -0.415217
-0.044238 -0.272945 -0.143059 0.950304 0.379913 0.332543 -0.364583
-0.038292 -0.273051 -0.145389 0.950178 0.353533 0.332156 -0.333484
-0.037459 -0.277094 -0.149999 0.948323 0.338107 0.325283 -0.290893
-0.035246 -0.282383 -0.150749 0.946727 0.322445 0.323912 -0.246219
-0.035080 -0.284124 -0.153906 0.945704 0.301602 0.326762 -0.211485
-0.035372 -0.290673 -0.160116 0.942667 0.319350 0.320106 -0.142673
-0.035366 -0.288104 -0.164357 0.942726 0.304350 0.309469 -0.110266
-0.036903 -0.289167 -0.176006 0.940235 0.294731 0.307184 -0.068777
-0.038286 -0.282820 -0.183302 0.940716 0.275162 0.302456 -0.042931
-0.037926 -0.276483 -0.192153 0.940849 0.262470 0.299208 -0.016516
-0.032627 -0.270479 -0.208832 0.939237 0.240301 0.291449 0.002133
-0.026408 -0.262620 -0.221123 0.938849 0.227975 0.280753 0.034858
-0.020723 -0.256377 -0.223247 0.940214 0.211273 0.271032 0.047118
-0.016676 -0.244204 -0.227497 0.942513 0.195230 0.271223 0.063453
-0.012761 -0.223518 -0.235535 0.945727 0.177962 0.271113 0.075209
-0.009921 -0.206731 -0.243627 0.947528 0.147141 0.293450 0.089702
-0.002211 -0.192733 -0.243224 0.950627 0.135969 0.292305 0.097931
0.001523 -0.177859 -0.243882 0.953355 0.125298 0.293148 0.104459
-0.001439 -0.169186 -0.251159 0.953044 0.099607 0.296023 0.110635
-0.007427 -0.165641 -0.254562 0.952736 0.085838 0.296975 0.124750
-0.010483 -0.164036 -0.253710 0.953212 0.067464 0.295806 0.136067
-0.011362 -0.164817 -0.252279 0.953447 0.051313 0.287593 0.141332
-0.017808 -0.167893 -0.259706 0.950814 0.034413 0.284188 0.154475
-0.023138 -0.170691 -0.265714 0.948539 0.015870 0.280687 0.179158
-0.020827 -0.172795 -0.261433 0.949401 0.002016 0.272800 0.192825
-0.021359 -0.172084 -0.257988 0.950459 -0.016049 0.273976 0.211230
-0.021676 -0.175581 -0.256161 0.950307 -0.034805 0.272682 0.232184
-0.019822 -0.175268 -0.250805 0.951833 -0.062522 0.269880 0.254791
-0.016154 -0.170517 -0.246848 0.953797 -0.093043 0.268058 0.280737
-0.012506 -0.167006 -0.239276 0.956399 -0.128837 0.261431 0.312027
-0.006018 -0.174710 -0.233051 0.956623 -0.160776 0.245544 0.354063
0.004424 -0.183103 -0.245071 0.952047 -0.199091 0.234624 0.392941
0.001094 -0.180971 -0.263751 0.947462 -0.231902 0.235981 0.434438
0.003133 -0.174527 -0.267928 0.947494 -0.257576 0.240462 0.459735
0.003808 -0.179579 -0.281812 0.942507 -0.272497 0.241083 0.487494
0.010486 -0.186256 -0.295376 0.936991 -0.293543 0.241452 0.527378
0.017995 -0.179358 -0.301078 0.936408 -0.303934 0.239772 0.544475
0.018735 -0.169070 -0.310545 0.935215 -0.316527 0.241539 0.559410
0.016028 -0.159162 -0.317721 0.934593 -0.330052 0.241205 0.573269
0.013822 -0.144344 -0.311112 0.939246 -0.347308 0.239367 0.580749
0.014966 -0.130071 -0.307578 0.942472 -0.372922 0.240469 0.585423
0.018744 -0.116126 -0.295171 0.948176 -0.428571 0.236757 0.591970
0.021828 -0.105318 -0.284875 0.952511 -0.480242 0.234203 0.596762
0.032821 -0.100555 -0.282104 0.953535 -0.540562 0.225983 0.600554
0.037502 -0.084367 -0.292161 0.951902 -0.604708 0.227756 0.607526
0.051078 -0.063185 -0.298793 0.950853 -0.649453 0.223642 0.609483
0.074620 -0.004840 -0.295209 0.952502 -0.699730 0.238728 0.593565
0.082736 0.049991 -0.283785 0.954003 -0.724703 0.250840 0.569312
0.095361 0.097482 -0.272252 0.952514 -0.746675 0.257258 0.541670
0.103786 0.129033 -0.259372 0.951475 -0.774674 0.259893 0.516231
0.106075 0.144152 -0.252973 0.950775 -0.792041 0.266361 0.495157
0.104611 0.163643 -0.250515 0.948430 -0.821837 0.270245 0.475855
0.104495 0.182578 -0.249622 0.945217 -0.855650 0.270291 0.457150
0.106460 0.198417 -0.250834 0.941477 -0.890588 0.268188 0.439603
0.108051 0.209796 -0.248721 0.939387 -0.927942 0.262344 0.423166
0.105494 0.215197 -0.249011 0.938379 -0.964514 0.265136 0.412549
0.110121 0.216794 -0.238764 0.940141 -1.023987 0.250676 0.386396
0.116829 0.214388 -0.238385 0.939979 -1.062022 0.239929 0.370889
0.126971 0.220919 -0.250777 0.933908 -1.090751 0.250749 0.363106
0.136705 0.234606 -0.248743 0.929730 -1.124916 0.254625 0.347247
0.139629 0.242877 -0.258238 0.924569 -1.149350 0.277611 0.344615
0.144570 0.255388 -0.257686 0.920584 -1.173928 0.272835 0.328856
0.146836 0.271996 -0.257633 0.915468 -1.200736 0.275245 0.320519
0.150030 0.286314 -0.257561 0.910592 -1.225480 0.279232 0.315302
