0.000000 0.000000 0.000000
-0.028420 -0.008340 0.007355
-0.052379 -0.017125 0.016070
-0.077236 -0.031622 0.032863
-0.091160 -0.043908 0.045972
-0.118022 -0.045019 0.059059
-0.132068 -0.052368 0.074048
-0.156573 -0.053664 0.089836
-0.179370 -0.057873 0.109511
-0.199448 -0.064488 0.134801
-0.223539 -0.078366 0.160337
-0.244248 -0.100261 0.187150
-0.282448 -0.123907 0.225838
-0.304032 -0.140555 0.254268
-0.324102 -0.163612 0.281064
-0.350728 -0.177575 0.306076
-0.369382 -0.190319 0.328373
-0.388273 -0.212252 0.349951
-0.426171 -0.234207 0.377989
-0.451235 -0.242936 0.395814
-0.486244 -0.258954 0.414913
-0.526003 -0.270328 0.434857
-0.570314 -0.280791 0.451537
-0.614766 -0.300000 0.465932
-0.663035 -0.318520 0.484458
-0.721360 -0.338780 0.517221
-0.753070 -0.355549 0.546510
-0.777132 -0.369349 0.571964
-0.797699 -0.385485 0.602602
-0.814704 -0.406022 0.632831
-0.824688 -0.424239 0.656644
-0.838246 -0.443317 0.690679
-0.846421 -0.463031 0.723294
-0.851960 -0.485390 0.757743
-0.855086 -0.509801 0.795168
-0.854547 -0.533780 0.821796
-0.847787 -0.551087 0.840665
-0.849864 -0.577540 0.877628
-0.851342 -0.586952 0.902863
-0.850951 -0.596012 0.931338
-0.850901 -0.614413 0.967113
-0.850666 -0.628335 0.999624
-0.848523 -0.651854 1.030779
-0.851549 -0.674638 1.064093
-0.856321 -0.703581 1.106000
-0.861205 -0.728633 1.140070
-0.863557 -0.750829 1.177215
-0.860632 -0.770036 1.216987
-0.855445 -0.790249 1.258135
-0.850807 -0.806201 1.291287
-0.845617 -0.818828 1.322180
-0.829725 -0.847543 1.372690
-0.826333 -0.866109 1.414277
-0.820719 -0.886108 1.452154
-0.812112 -0.899947 1.482437
-0.799083 -0.920613 1.497999
-0.793720 -0.938743 1.520137
-0.789309 -0.962791 1.547069
-0.789124 -0.981804 1.572593
-0.799229 -0.995660 1.604432
-0.802404 -1.011955 1.634522
-0.809225 -1.033216 1.670174
-0.831097 -1.042985 1.706005
-0.848215 -1.058500 1.736176
-0.864594 -1.073258 1.764618
-0.868237 -1.101330 1.778167
-0.896528 -1.104644 1.794339
-0.913918 -1.121684 1.812282
-0.930322 -1.127987 1.820665
-0.948242 -1.130921 1.831240
-0.967167 -1.130421 1.845235
-0.973020 -1.136668 1.858806
-0.981197 -1.144427 1.863658
-0.996516 -1.148887 1.868338
-1.024675 -1.142471 1.885484
-1.036684 -1.153813 1.888425
-1.046865 -1.161360 1.904871
-1.046954 -1.171378 1.917887
-1.046219 -1.183993 1.930942
-1.042481 -1.195333 1.952051
-1.038337 -1.204118 1.965247
-1.026091 -1.219999 1.980291
-1.014362 -1.234035 2.000851
-1.003026 -1.244848 2.026737
-0.987573 -1.256543 2.044332
-0.964489 -1.274407 2.063923
-0.944154 -1.292768 2.085701
-0.922105 -1.310944 2.105000
-0.892784 -1.326699 2.125220
-0.867407 -1.337840 2.137234
-0.842517 -1.349182 2.143390
-0.816465 -1.356132 2.144986
-0.789552 -1.361256 2.148118
-0.763030 -1.363159 2.149767
-0.731400 -1.368044 2.147360
-0.705119 -1.363431 2.148805
-0.669831 -1.369565 2.147600
-0.638928 -1.372375 2.147637
-0.602534 -1.378957 2.145648
-0.552301 -1.397102 2.151905
-0.523867 -1.408992 2.162312
-0.499852 -1.422138 2.178735
-0.478092 -1.434527 2.195096
-0.456496 -1.446727 2.214515
-0.432308 -1.457252 2.232172
-0.408020 -1.461737 2.256455
-0.377137 -1.473329 2.280378
-0.349120 -1.484377 2.302452
-0.323756 -1.497479 2.321497
-0.286990 -1.514526 2.333229
-0.259568 -1.527253 2.351642
-0.233149 -1.536736 2.360804
-0.210053 -1.540129 2.367107
-0.175128 -1.549802 2.371484
-0.128256 -1.553426 2.377911
-0.093468 -1.559326 2.378721
-0.052509 -1.560984 2.380927
-0.011842 -1.563619 2.379737
0.025752 -1.567485 2.388309
0.067491 -1.571103 2.394820
0.110041 -1.577846 2.398796
0.142439 -1.581400 2.410614
0.176401 -1.588544 2.426409
0.213520 -1.599026 2.441766
0.262530 -1.619901 2.470048
0.285725 -1.635932 2.487387
0.322345 -1.658802 2.519029
0.355157 -1.682013 2.554000
0.389277 -1.706454 2.587243
0.428476 -1.737701 2.605996
0.459695 -1.762908 2.625193
0.495243 -1.783209 2.650565
0.541621 -1.801268 2.665623
0.585994 -1.811305 2.689029
0.634194 -1.820951 2.706430
0.702937 -1.828906 2.724701
0.752396 -1.835483 2.732476
0.814452 -1.844988 2.749834
0.871501 -1.864321 2.749503
0.916906 -1.876213 2.762093
0.967750 -1.894608 2.764695
1.006212 -1.903346 2.761386
1.077490 -1.915607 2.774559
1.130044 -1.918480 2.786703
1.176764 -1.927030 2.802376
1.224136 -1.938959 2.820760
1.266854 -1.943961 2.823091
1.316748 -1.945126 2.832234
1.360023 -1.948801 2.820599
1.405381 -1.952711 2.821541
