0.502136 0.281541 0.363037
0.482113 0.285801 0.385670
0.462373 0.289542 0.403657
0.433089 0.293862 0.418948
0.411707 0.297842 0.425554
0.391163 0.292879 0.446705
0.370630 0.291686 0.453980
0.348676 0.285353 0.472128
0.322811 0.279355 0.486945
0.292259 0.272305 0.497110
0.256561 0.271429 0.509357
0.217157 0.276528 0.516322
0.161198 0.277485 0.535889
0.122736 0.277319 0.544369
0.083010 0.283386 0.550487
0.046789 0.282959 0.565230
0.016161 0.282631 0.573562
-0.018432 0.290472 0.580297
-0.064953 0.295642 0.602956
-0.092338 0.294540 0.619418
-0.127811 0.299319 0.643205
-0.163395 0.299903 0.672211
-0.197547 0.301627 0.706589
-0.234165 0.311972 0.739820
-0.275106 0.319689 0.775602
-0.331841 0.321711 0.816378
-0.374648 0.321585 0.834046
-0.410232 0.320685 0.846306
-0.449848 0.318873 0.853327
-0.490007 0.320865 0.856168
-0.521417 0.324027 0.854772
-0.562684 0.322629 0.853642
-0.601211 0.322313 0.847746
-0.641550 0.323160 0.838289
-0.684404 0.324069 0.825288
-0.717118 0.330203 0.812004
-0.738186 0.334569 0.796565
-0.781288 0.337410 0.782266
-0.806542 0.332033 0.774461
-0.833549 0.324565 0.764075
-0.871041 0.321139 0.749895
-0.903687 0.315649 0.737448
-0.939226 0.318927 0.721490
-0.977970 0.320638 0.709913
-1.027188 0.323068 0.696189
-1.068297 0.326369 0.685636
-1.109578 0.325522 0.672478
-1.149633 0.320544 0.654309
-1.190471 0.315599 0.633418
-1.223048 0.311315 0.616231
-1.252012 0.305395 0.599897
-1.300649 0.302257 0.564500
-1.341677 0.295755 0.545524
-1.379646 0.292349 0.525204
-1.407495 0.287645 0.505584
-1.425322 0.296366 0.484484
-1.449897 0.299746 0.469248
-1.481512 0.305627 0.452246
-1.511062 0.308158 0.440696
-1.546814 0.303371 0.438109
-1.579888 0.301308 0.429007
-1.621111 0.300636 0.420649
-1.662253 0.290728 0.428824
-1.699970 0.288504 0.432892
-1.735675 0.286529 0.436923
-1.761410 0.303237 0.430333
-1.785995 0.298556 0.451465
-1.814777 0.304127 0.458899
-1.830363 0.305649 0.470469
-1.846605 0.303214 0.483578
-1.864272 0.296096 0.497415
-1.880226 0.294404 0.497681
-1.890772 0.298714 0.502244
-1.902119 0.300600 0.514249
-1.922717 0.287160 0.537123
-1.934836 0.295666 0.545015
-1.955255 0.293717 0.548226
-1.970546 0.295287 0.542436
-1.986834 0.299003 0.535295
-2.007872 0.297246 0.523359
-2.021204 0.297513 0.513836
-2.036574 0.302489 0.494666
-2.055640 0.302994 0.474829
-2.077539 0.297958 0.454566
-2.091777 0.297912 0.432602
-2.107890 0.301729 0.401592
-2.126968 0.304913 0.372424
-2.143367 0.309190 0.342394
-2.156742 0.310646 0.305846
-2.162726 0.312708 0.276310
-2.164298 0.318069 0.248836
-2.159684 0.322090 0.222528
-2.155105 0.323716 0.195384
-2.147920 0.323418 0.169732
-2.137123 0.327600 0.139798
-2.126699 0.321904 0.115862
-2.116168 0.326362 0.081897
-2.106577 0.327517 0.052409
-2.095244 0.332728 0.017535
-2.091189 0.342807 -0.035131
-2.095164 0.346238 -0.067234
-2.106126 0.347708 -0.097183
-2.117474 0.348658 -0.124842
-2.131231 0.347831 -0.153168
-2.141846 0.346421 -0.183050
-2.154792 0.336375 -0.213565
-2.168552 0.332280 -0.251701
-2.181590 0.328818 -0.286519
-2.194147 0.328806 -0.318457
-2.198721 0.335573 -0.359849
-2.209859 0.335499 -0.393448
-2.212388 0.337632 -0.422789
-2.210861 0.336257 -0.446881
-2.206636 0.340760 -0.482858
-2.196869 0.338589 -0.529241
-2.188013 0.341798 -0.563255
-2.176021 0.340435 -0.602492
-2.161894 0.341713 -0.640714
-2.157256 0.338970 -0.679090
-2.149378 0.336949 -0.720701
-2.140701 0.338888 -0.763042
-2.140352 0.334359 -0.797411
-2.144366 0.330695 -0.835153
-2.148527 0.329966 -0.876453
-2.163830 0.330707 -0.934787
-2.177214 0.334165 -0.964862
-2.200573 0.335293 -1.013012
-2.228110 0.335090 -1.058619
-2.254399 0.336795 -1.105231
-2.270604 0.351758 -1.153997
-2.287072 0.361683 -1.194107
-2.304556 0.364009 -1.238923
-2.308861 0.369492 -1.290451
-2.316660 0.363829 -1.340697
-2.318110 0.360876 -1.392738
-2.312133 0.355229 -1.463838
-2.303956 0.354741 -1.513665
-2.300379 0.351152 -1.578603
-2.289213 0.365470 -1.636038
-2.288901 0.367082 -1.684606
-2.281830 0.379290 -1.736867
-2.269753 0.386946 -1.773774
-2.260890 0.387553 -1.846750
-2.253307 0.381489 -1.899886
-2.253371 0.378583 -1.949816
-2.257009 0.377072 -2.001863
-2.246113 0.378405 -2.043514
-2.236250 0.372592 -2.092944
-2.213354 0.380197 -2.130885
-2.199881 0.381240 -2.174370
